Key:97 Vec:[36, 26, 64, 43, 81, 21, 46, 39, 85, 49, 99, 24, 16, 72, 94, 62, 71, 75, 35, 15, 12, 74, 13, 17]

Key:34 Vec:[94, 68, 41, 23, 89, 33, 17, 18, 97, 87, 69, 45, 63, 32, 81, 84, 28, 66, 19, 22, 11, 77, 37, 88]
Key:35 Vec:[46, 13, 85, 21, 64, 67, 34, 62, 26, 66, 15, 39, 75, 71, 49, 16, 12, 24, 23, 53, 43, 28, 72, 91]
Key:28 Vec:[88, 81, 89, 33, 17, 41, 18, 84, 19, 63, 74, 87, 22, 69, 97, 68, 32, 94, 45, 37, 36, 11, 99, 77]
Key:85 Vec:[53, 77, 91, 64, 26, 49, 66, 13, 67, 88, 46, 63, 34, 62, 23, 12, 43, 39, 21, 28, 33, 16, 75, 87]
Key:72 Vec:[91, 21, 53, 77, 28, 71, 26, 46, 13, 16, 75, 39, 49, 34, 62, 12, 66, 67, 64, 43, 23, 15, 85, 88]
Key:69 Vec:[12, 94, 37, 15, 99, 49, 97, 22, 11, 21, 36, 26, 35, 81, 85, 46, 13, 45, 39, 74, 24, 72, 71, 17]

Key:89 Vec:[74, 46, 85, 69, 71, 99, 26, 97, 22, 15, 68, 81, 94, 72, 84, 24, 13, 17, 45, 36, 11, 21, 37, 35]
Key:39 Vec:[12, 23, 88, 19, 66, 16, 75, 89, 62, 41, 91, 28, 64, 33, 87, 53, 67, 77, 32, 18, 49, 43, 63, 34]
Key:18 Vec:[24, 72, 11, 22, 74, 94, 36, 41, 17, 89, 32, 84, 13, 71, 69, 45, 35, 68, 97, 81, 85, 99, 15, 37]

Key:33 Vec:[36, 97, 41, 81, 32, 89, 94, 69, 45, 71, 19, 15, 99, 11, 18, 17, 24, 72, 74, 35, 37, 68, 84, 22]
Key:62 Vec:[28, 68, 63, 23, 18, 32, 33, 69, 16, 91, 88, 64, 19, 84, 43, 66, 41, 53, 34, 67, 75, 77, 87, 89]
Key:88 Vec:[11, 69, 99, 37, 87, 77, 68, 81, 74, 94, 19, 17, 33, 22, 63, 35, 97, 18, 32, 84, 45, 36, 89, 41]
Key:41 Vec:[99, 69, 68, 81, 13, 35, 15, 22, 94, 37, 74, 32, 11, 36, 89, 85, 84, 17, 97, 21, 71, 24, 45, 72]
Key:11 Vec:[81, 17, 37, 16, 74, 39, 72, 85, 24, 35, 36, 22, 62, 13, 94, 97, 49, 99, 26, 21, 12, 71, 46, 15]
Key:43 Vec:[66, 89, 34, 84, 77, 18, 87, 28, 22, 23, 67, 32, 11, 88, 69, 19, 68, 75, 41, 53, 91, 45, 63, 33]
Key:19 Vec:[11, 15, 36, 37, 89, 99, 84, 24, 17, 41, 85, 71, 32, 18, 74, 22, 94, 69, 35, 45, 97, 81, 68, 72]
Key:68 Vec:[12, 69, 22, 17, 15, 81, 37, 71, 72, 26, 35, 11, 46, 13, 24, 39, 36, 85, 45, 74, 21, 94, 97, 99]

Key:99 Vec:[72, 26, 35, 36, 75, 24, 62, 39, 66, 49, 85, 46, 34, 15, 64, 67, 53, 21, 16, 43, 91, 71, 13, 12]
Key:15 Vec:[66, 46, 23, 49, 77, 12, 28, 85, 91, 53, 16, 39, 88, 34, 87, 67, 43, 62, 64, 75, 21, 26, 13, 63]
Key:45 Vec:[97, 15, 49, 74, 85, 35, 81, 71, 94, 24, 72, 62, 21, 26, 36, 13, 99, 11, 22, 39, 46, 12, 37, 17]

Key:23 Vec:[88, 63, 77, 19, 32, 68, 41, 74, 11, 18, 89, 87, 22, 45, 99, 84, 94, 69, 97, 81, 17, 33, 28, 37]
Key:36 Vec:[62, 24, 13, 26, 16, 34, 39, 15, 43, 35, 75, 85, 71, 64, 67, 49, 53, 21, 46, 12, 72, 66, 23, 91]
Key:12 Vec:[67, 66, 84, 18, 28, 89, 63, 32, 33, 34, 41, 49, 75, 87, 77, 91, 43, 88, 53, 64, 16, 62, 19, 23]
Key:75 Vec:[89, 28, 34, 33, 66, 88, 67, 45, 69, 22, 77, 37, 11, 19, 53, 84, 63, 91, 18, 23, 87, 32, 41, 68]
Key:13 Vec:[67, 28, 66, 87, 75, 77, 53, 39, 88, 91, 26, 19, 46, 62, 63, 64, 21, 12, 34, 16, 33, 49, 23, 43]

Key:16 Vec:[63, 28, 19, 91, 33, 41, 75, 89, 88, 53, 64, 45, 43, 23, 87, 67, 69, 18, 32, 66, 68, 77, 84, 34]
Key:84 Vec:[81, 11, 71, 94, 74, 24, 46, 26, 17, 68, 13, 45, 85, 15, 37, 35, 97, 21, 99, 69, 39, 72, 22, 36]
Key:67 Vec:[22, 89, 66, 77, 81, 18, 37, 19, 69, 87, 68, 28, 23, 97, 34, 32, 33, 94, 11, 63, 88, 84, 45, 41]
Key:53 Vec:[34, 37, 41, 89, 97, 18, 63, 19, 67, 11, 68, 28, 77, 88, 87, 22, 84, 81, 32, 23, 69, 33, 45, 66]
Key:32 Vec:[45, 21, 99, 89, 94, 17, 26, 84, 15, 35, 22, 68, 11, 97, 36, 69, 72, 37, 24, 71, 74, 13, 85, 81]
Key:87 Vec:[72, 99, 71, 94, 19, 37, 18, 33, 24, 45, 81, 32, 35, 36, 97, 41, 89, 69, 74, 68, 11, 22, 84, 17]
Key:77 Vec:[68, 33, 94, 41, 74, 89, 63, 69, 18, 11, 81, 87, 84, 35, 37, 32, 22, 97, 36, 19, 17, 99, 24, 45]
Key:66 Vec:[11, 68, 32, 33, 23, 94, 69, 22, 18, 63, 45, 81, 88, 37, 87, 89, 84, 19, 41, 74, 28, 17, 77, 97]
Key:22 Vec:[64, 62, 74, 99, 12, 24, 49, 39, 17, 46, 35, 37, 36, 71, 16, 26, 97, 15, 81, 21, 72, 13, 85, 94]
Key:63 Vec:[22, 17, 99, 68, 11, 87, 19, 89, 81, 32, 41, 94, 84, 45, 97, 72, 69, 74, 35, 24, 33, 36, 18, 37]
Key:46 Vec:[33, 67, 32, 62, 88, 53, 43, 39, 16, 64, 18, 75, 23, 12, 41, 87, 66, 91, 49, 28, 34, 63, 77, 19]
Key:26 Vec:[63, 23, 91, 62, 77, 41, 46, 75, 43, 28, 53, 19, 33, 66, 67, 18, 49, 88, 34, 12, 64, 87, 39, 16]
Key:81 Vec:[72, 17, 49, 46, 13, 21, 43, 26, 15, 85, 91, 24, 94, 99, 16, 74, 12, 62, 36, 75, 64, 71, 39, 35]
Key:24 Vec:[66, 85, 23, 62, 28, 67, 71, 64, 15, 16, 91, 21, 46, 88, 12, 49, 72, 13, 39, 34, 43, 75, 26, 53]
Key:37 Vec:[74, 85, 81, 17, 35, 39, 36, 13, 26, 62, 94, 71, 64, 16, 49, 15, 99, 12, 97, 72, 24, 46, 43, 21]


Key:71 Vec:[64, 91, 77, 26, 15, 66, 53, 12, 16, 23, 88, 28, 49, 62, 75, 13, 21, 46, 67, 85, 39, 43, 63, 34]
Key:24 Vec:[66, 85, 23, 62, 28, 67, 71, 64, 15, 16, 91, 21, 46, 88, 12, 49, 72, 13, 39, 34, 43, 75, 26, 53]
Key:21 Vec:[46, 53, 75, 43, 39, 87, 16, 49, 62, 63, 88, 77, 19, 34, 91, 33, 12, 28, 66, 64, 26, 67, 18, 23]
Key:74 Vec:[71, 35, 13, 34, 67, 99, 62, 72, 36, 21, 43, 15, 12, 91, 85, 64, 53, 49, 24, 46, 75, 39, 26, 16]
Key:94 Vec:[17, 64, 15, 43, 72, 91, 13, 24, 74, 36, 35, 49, 71, 53, 26, 12, 21, 75, 85, 99, 46, 16, 39, 62]

Key:64 Vec:[32, 89, 18, 75, 34, 11, 33, 91, 88, 43, 66, 77, 67, 87, 19, 41, 69, 23, 53, 28, 84, 68, 45, 63]

Key:17 Vec:[12, 43, 53, 46, 36, 13, 24, 91, 75, 85, 15, 67, 74, 16, 21, 35, 72, 99, 64, 71, 26, 62, 39, 49]
Key:91 Vec:[77, 67, 11, 37, 87, 69, 88, 18, 97, 53, 84, 19, 34, 33, 22, 32, 66, 28, 41, 45, 68, 23, 89, 63]

Key:49 Vec:[66, 32, 19, 88, 33, 67, 28, 41, 18, 89, 16, 64, 91, 63, 75, 84, 23, 34, 62, 68, 43, 77, 87, 53]


[71, 24, 21, 74, 94, 64, 17, 91, 49] IS WRONG

[71, 24, 21, 74, 94, 64, 17, 49, 91
[71, 24, 21, 74, 94, 49, 17, 64, 91
[71, 24, 21, 74, 94, 17, 49, 64, 91



[94, 71, 24, 21, 17, 74, 49, 64, 91] false


[71, 24, 21, 74, 94, 64, 17, 91, 49] IS WRONG
ERROR 74 21
[94, 71, 24, 21, 17, 74, 49, 64, 91] false


[87, 63, 45, 41, 37, 19, 18, 88, 97, 28, 89, 53, 33, 22, 11, 67, 34] IS WRONG
[53, 87, 63, 45, 41, 37, 19, 18, 88, 97, 28, 67, 89, 33, 22, 34, 11] FIXED



[46, 67, 74, 26, 99, 35, 13, 21, 36, 71, 72, 39, 12] IS WRONG
[74, 46, 99, 39, 36, 26, 35, 13, 72, 21, 71, 12, 67] FIXED
[68, 22, 45, 81, 94, 33, 74, 18, 11, 19, 41, 71, 69, 97, 84, 17, 24, 35, 89, 32, 99, 36, 37] IS WRONG
[33, 68, 22, 45, 81, 19, 94, 74, 18, 41, 32, 11, 71, 69, 97, 84, 17, 24, 37, 89, 35, 99, 36] FIXED
[17, 49, 74, 39, 16, 46, 24, 81, 26] IS WRONG
[81, 17, 49, 74, 39, 16, 26, 24, 46] FIXED
[13, 64, 88, 49, 16, 21, 46, 23, 12, 75, 53, 85, 77, 62, 71] IS WRONG
[71, 13, 64, 88, 49, 16, 21, 46, 23, 12, 75, 53, 85, 77, 62] FIXED
[35, 36, 24, 21, 72, 75, 49, 46, 74, 81, 39] IS WRONG
[81, 35, 36, 24, 21, 72, 75, 39, 46, 74, 49] FIXED
[11, 33, 88, 84, 45, 66, 22, 89, 87, 41, 17] IS WRONG
[66, 11, 33, 88, 84, 87, 45, 22, 41, 89, 17] FIXED
[64, 66, 13, 28, 67, 16, 91, 23, 12, 75, 85, 53, 87, 49, 43] IS WRONG
[85, 64, 66, 13, 28, 67, 16, 91, 23, 12, 49, 75, 53, 43, 87] FIXED
[81, 19, 89, 17, 11, 36, 99, 69, 18, 63, 22, 97, 41, 84, 77, 87, 74, 45, 33, 37, 32, 35, 94] IS WRONG
[77, 81, 19, 89, 17, 11, 36, 99, 69, 18, 63, 22, 97, 41, 87, 33, 84, 94, 32, 45, 37, 74, 35] FIXED
[97, 33, 69, 66, 32, 28, 45, 11, 19, 63, 84, 18, 81, 23, 77, 22, 68, 67, 89, 34, 88, 37, 87] IS WRONG
[67, 97, 33, 69, 66, 32, 28, 45, 11, 19, 63, 84, 18, 81, 23, 77, 22, 34, 68, 88, 87, 89, 37] FIXED
[72, 43, 91, 26, 62, 46, 23, 21, 13, 34, 85, 66, 24, 75, 35, 67, 16] IS WRONG
[35, 72, 43, 91, 26, 62, 46, 23, 21, 13, 34, 85, 66, 24, 16, 75, 67] FIXED
[12, 91, 33, 43, 13, 21, 87, 88, 67, 46, 34, 28, 23, 75, 77] IS WRONG
[13, 12, 91, 33, 21, 46, 43, 77, 88, 75, 67, 34, 28, 23, 87] FIXED
[19, 89, 45, 15, 71, 22, 69] IS WRONG
[19, 89, 69, 45, 15, 71, 22] FIXED
[64, 91, 21, 53, 12, 99, 46, 72, 71, 36, 17, 16, 39, 62, 24, 85, 35, 43, 74, 26, 15, 49, 13] IS WRONG
[17, 64, 91, 21, 53, 12, 99, 46, 72, 71, 74, 36, 16, 39, 62, 24, 85, 35, 15, 43, 13, 26, 49] FIXED
[16, 75, 67, 53, 87, 89, 12, 64, 23] IS WRONG
[12, 16, 75, 67, 53, 87, 64, 23, 89] FIXED
[13, 71, 11, 45, 84, 81, 89, 68, 22, 69, 21, 99, 17, 26, 94] IS WRONG
[89, 13, 94, 11, 45, 84, 68, 69, 81, 22, 71, 21, 99, 17, 26] FIXED
[28, 45, 34, 19, 63, 97, 77] IS WRONG
[34, 28, 77, 45, 19, 63, 97] FIXED
[66, 11, 53, 87, 68, 23, 22, 33, 75, 77, 45, 84, 69, 34, 89, 28, 32, 41, 91] IS WRONG
[75, 66, 11, 53, 87, 68, 23, 22, 91, 33, 77, 45, 84, 69, 34, 89, 28, 32, 41] FIXED
[28, 67, 24, 64, 43, 15, 53] IS WRONG
[24, 28, 15, 53, 64, 43, 67] FIXED
[33, 18, 67, 34, 66, 23, 64, 12, 16, 39, 88, 62, 53, 49, 28, 77, 43, 75, 19, 87, 32] IS WRONG
[39, 33, 87, 67, 34, 66, 23, 64, 12, 49, 16, 88, 62, 43, 53, 28, 75, 77, 18, 19, 32] FIXED
[17, 37, 15, 11, 74, 81, 32, 68, 35, 36, 89, 85, 84, 94, 71, 13, 22, 21, 24, 99, 97] IS WRONG
[32, 17, 37, 15, 11, 74, 89, 81, 68, 35, 84, 36, 22, 85, 94, 71, 97, 13, 21, 24, 99] FIXED
[62, 13, 72, 15, 16, 17, 21, 71, 94, 35, 97, 24, 36, 12, 49, 74, 64] IS WRONG
[97, 62, 13, 72, 15, 16, 17, 21, 71, 94, 74, 35, 24, 36, 12, 49, 64] FIXED
[91, 17, 36, 62, 13, 53, 16, 99, 39] IS WRONG
[17, 99, 91, 36, 62, 13, 53, 39, 16] FIXED
[66, 33, 67, 91, 68, 53, 75] IS WRONG
[75, 66, 33, 67, 91, 68, 53] FIXED
[18, 84, 22, 37, 34, 89, 28, 33, 19, 23, 11, 87, 63, 41, 69, 68, 81, 88, 32, 94, 97, 77, 66] IS WRONG
[34, 18, 84, 22, 66, 37, 89, 28, 33, 19, 23, 11, 87, 63, 41, 69, 68, 81, 88, 32, 94, 97, 77] FIXED
[15, 26, 12, 13, 75, 62, 71, 46, 85, 72, 64, 16, 35, 81, 99, 21, 94, 39, 17, 24, 49, 43, 36] IS WRONG
[81, 15, 26, 12, 13, 75, 62, 71, 46, 85, 72, 64, 16, 94, 35, 99, 17, 21, 36, 39, 24, 49, 43] FIXED
[63, 41, 66, 87, 19, 28, 39, 33, 49, 64, 18] IS WRONG
[39, 63, 18, 66, 87, 19, 49, 28, 64, 33, 41] FIXED
[13, 71, 53, 39, 23, 15, 16, 24, 72, 28, 46] IS WRONG
[24, 13, 71, 53, 39, 23, 15, 72, 46, 16, 28] FIXED
[39, 35, 36, 26, 21, 12, 94, 99, 71, 15, 13, 81, 85, 97, 11, 37, 72, 46, 74, 22, 49, 17, 62] IS WRONG
[11, 39, 35, 36, 26, 21, 12, 94, 99, 71, 15, 13, 81, 85, 22, 97, 37, 72, 46, 17, 74, 49, 62] FIXED
[17, 74, 45, 32, 35, 13, 11, 37, 21, 94, 89, 36, 22, 99, 85] IS WRONG
[32, 17, 74, 89, 45, 35, 13, 11, 37, 85, 22, 94, 99, 36, 21] FIXED
[37, 18, 28, 68, 17, 84, 88, 81, 94, 87, 77] IS WRONG
[28, 37, 88, 18, 68, 17, 77, 84, 81, 94, 87] FIXED
[88, 68, 63, 18, 77, 64, 67, 41, 32, 23, 91, 75, 89, 87, 19, 45, 66, 84, 69, 33, 43] IS WRONG
[64, 88, 68, 63, 18, 43, 77, 67, 41, 32, 23, 91, 75, 89, 87, 19, 45, 66, 84, 69, 33] FIXED
[37, 18, 41, 84, 63, 88, 33, 91, 66, 67, 68, 89, 22, 77, 23, 28, 53, 11, 45, 19, 69] IS WRONG
[91, 37, 18, 41, 84, 63, 88, 53, 33, 66, 67, 68, 89, 19, 77, 23, 28, 22, 11, 69, 45] FIXED
[11, 37, 22, 85, 24, 69, 99, 94, 46, 97, 17, 15, 45, 36, 35, 71, 39, 21, 13] IS WRONG
[69, 11, 37, 22, 85, 45, 24, 99, 94, 13, 97, 17, 36, 35, 71, 15, 46, 39, 21] FIXED
[17, 21, 49, 35, 15, 36, 16] IS WRONG
[17, 36, 21, 49, 35, 15, 16] FIXED
[35, 72, 36, 85, 74, 37, 26, 69, 22, 24, 71, 94, 11, 81, 17, 84, 13, 97, 45, 89, 99] IS WRONG
[89, 35, 72, 36, 85, 74, 37, 26, 69, 22, 24, 71, 94, 11, 81, 17, 84, 99, 97, 45, 13] FIXED
[72, 12, 35, 17, 99, 36, 53] IS WRONG
[17, 72, 12, 99, 36, 35, 53] FIXED
[71, 94, 69, 36, 85, 12, 72] IS WRONG
[69, 36, 94, 72, 71, 85, 12] FIXED
[32, 63, 34, 39, 91, 66, 67, 87, 16] IS WRONG
[39, 32, 63, 16, 34, 91, 66, 67, 87] FIXED
[84, 63, 87, 77, 68, 23, 53, 32, 75, 91, 33, 19, 11, 34, 22, 18, 45, 67, 89, 69, 88] IS WRONG
[75, 84, 63, 87, 77, 68, 23, 53, 91, 67, 32, 33, 19, 11, 34, 22, 18, 88, 45, 89, 69] FIXED
[81, 69, 87, 36, 45, 99, 84, 32, 18, 35, 22, 24, 63, 89, 11, 74, 97] IS WRONG
[63, 81, 69, 87, 36, 45, 99, 84, 32, 18, 35, 22, 89, 11, 97, 24, 74] FIXED
[87, 49, 53, 39, 41, 28, 19, 16, 66, 77, 64, 46, 12, 34, 67, 18, 75, 33, 63, 91, 62] IS WRONG
[46, 87, 49, 53, 39, 41, 28, 19, 16, 66, 77, 12, 62, 64, 34, 67, 18, 75, 33, 63, 91] FIXED
[84, 41, 74, 94, 99, 72, 87, 37, 18, 97, 32] IS WRONG
[87, 84, 41, 74, 94, 99, 18, 72, 32, 37, 97] FIXED
[89, 35, 94, 72, 17, 87, 11] IS WRONG
[87, 89, 35, 94, 72, 11, 17] FIXED
[28, 81, 89, 87, 68, 94, 69, 74, 84, 63, 97, 23, 17, 18, 41, 32, 22, 77, 37, 88, 11] IS WRONG
[23, 28, 81, 89, 87, 68, 94, 69, 74, 84, 63, 88, 97, 17, 18, 41, 32, 22, 77, 11, 37] FIXED
[62, 46, 43, 21, 24, 35, 49, 12, 17, 94, 36, 16, 85, 75, 91] IS WRONG
[94, 62, 46, 43, 21, 24, 35, 49, 36, 17, 85, 12, 16, 75, 91] FIXED
[12, 74, 15, 94, 69, 22, 24] IS WRONG
[69, 12, 74, 24, 22, 94, 15] FIXED
[39, 17, 24, 16, 36, 62, 22, 37, 85, 74, 12, 49, 71, 46, 26, 94, 13, 99, 21, 81, 35] IS WRONG
[22, 39, 17, 24, 16, 36, 37, 81, 62, 85, 74, 12, 49, 71, 46, 26, 94, 13, 99, 35, 21] FIXED
[91, 23, 34, 49, 66] IS WRONG
[49, 91, 66, 34, 23] FIXED
[41, 63, 66, 16, 77, 64, 49, 28, 91, 75, 43, 67, 88, 84, 87, 89, 53, 19, 62, 18, 34] IS WRONG
[49, 41, 63, 66, 16, 77, 62, 64, 28, 91, 75, 43, 67, 88, 84, 87, 89, 53, 34, 19, 18] FIXED
[89, 32, 23, 63, 11, 28, 45, 41, 22, 87, 75, 91, 18, 19, 66] IS WRONG
[75, 89, 32, 23, 63, 11, 28, 45, 41, 22, 91, 66, 87, 18, 19] FIXED
[18, 74, 11, 69, 77, 37, 36, 94, 35, 81, 19] IS WRONG
[77, 18, 74, 11, 19, 69, 37, 36, 94, 35, 81] FIXED
[64, 41, 69, 19, 77, 84, 45] IS WRONG
[64, 77, 41, 84, 19, 69, 45] FIXED
[64, 49, 66, 75, 28, 84, 53] IS WRONG
[49, 64, 75, 53, 66, 28, 84] FIXED
[32, 66, 37, 87, 69, 97, 23, 34, 89, 41, 22, 67, 53, 11, 88, 19, 77] IS WRONG
[53, 32, 66, 37, 87, 69, 97, 23, 34, 89, 41, 88, 67, 22, 77, 11, 19] FIXED
[91, 43, 46, 88, 72, 75, 49, 13, 67, 15, 21, 66, 64, 53, 62, 71, 12] IS WRONG
[72, 91, 43, 46, 71, 88, 75, 49, 13, 67, 15, 21, 66, 64, 53, 12, 62] FIXED
[62, 72, 21, 67, 85, 64, 12, 53, 74, 13, 71, 75, 39, 24, 15, 43, 16, 26, 46, 91, 99] IS WRONG
[74, 62, 72, 21, 67, 85, 64, 12, 99, 53, 13, 71, 75, 39, 24, 15, 43, 16, 26, 46, 91] FIXED
[45, 74, 68, 24, 37, 13, 41, 15, 35, 17, 11] IS WRONG
[41, 45, 74, 68, 24, 37, 11, 13, 15, 35, 17] FIXED
[62, 64, 16, 12, 32, 89, 91] IS WRONG
[12, 62, 64, 16, 91, 32, 89] FIXED
[22, 81, 26, 11, 45, 69, 46, 72, 84, 37, 21, 13, 15] IS WRONG
[84, 22, 81, 26, 11, 45, 69, 15, 37, 72, 46, 21, 13] FIXED
[33, 19, 77, 81, 28, 18, 41, 34, 89, 23, 63, 67, 11, 87, 37, 66, 68, 97, 22] IS WRONG
[67, 33, 19, 77, 81, 28, 18, 41, 34, 89, 23, 66, 63, 11, 87, 68, 22, 37, 97] FIXED
[18, 94, 89, 36, 35, 22, 77, 74, 99, 19, 69, 97, 63] IS WRONG
[77, 18, 94, 89, 36, 35, 63, 22, 74, 99, 19, 69, 97] FIXED
[35, 24, 94, 32, 85, 36, 69, 15, 37, 81, 97, 11, 74, 72, 17, 45, 22] IS WRONG
[32, 35, 24, 69, 94, 85, 45, 36, 15, 37, 81, 97, 11, 74, 72, 22, 17] FIXED
[66, 18, 88, 32, 64, 75, 34, 43, 23, 62, 63, 84, 19, 87, 89, 53, 33] IS WRONG
[62, 66, 18, 88, 32, 64, 75, 34, 43, 53, 23, 63, 84, 19, 87, 33, 89] FIXED
[17, 22, 46, 69, 94, 81, 74, 68, 99, 36, 85, 21, 45] IS WRONG
[68, 17, 22, 46, 69, 94, 81, 45, 74, 99, 36, 85, 21] FIXED
[97, 37, 81, 41, 88, 19, 77, 45, 36, 84, 89, 69, 94, 87, 22, 33, 17] IS WRONG
[88, 97, 37, 81, 77, 41, 87, 19, 45, 17, 84, 89, 69, 33, 94, 22, 36] FIXED
[67, 63, 22, 28, 53, 37, 34] IS WRONG
[53, 67, 63, 22, 34, 28, 37] FIXED
[21, 71, 26, 16, 62, 35, 46, 39, 17, 36, 72, 43, 64, 24, 75, 13, 99, 15, 49, 94, 12, 74, 81] IS WRONG
[81, 21, 71, 26, 16, 62, 35, 46, 39, 17, 36, 72, 43, 64, 24, 75, 13, 99, 15, 49, 94, 12, 74] FIXED
[77, 88, 67, 46, 53, 26, 12, 39, 16, 75, 33, 62, 66, 13, 63, 49, 34, 64, 87, 21, 91] IS WRONG
[13, 77, 88, 67, 46, 53, 26, 12, 39, 16, 75, 33, 62, 21, 66, 63, 49, 34, 64, 91, 87] FIXED
[41, 11, 34, 89, 19, 69, 32, 91, 53, 28, 67, 45, 84, 37, 33, 18, 23] IS WRONG
[91, 41, 11, 34, 89, 19, 69, 53, 67, 32, 23, 28, 45, 84, 37, 33, 18] FIXED
[39, 77, 49, 23, 66] IS WRONG
[39, 49, 66, 77, 23] FIXED
[45, 36, 17, 89, 74] IS WRONG
[89, 45, 74, 17, 36] FIXED
[23, 77, 91, 16, 12, 39, 63, 75, 64, 66, 32, 67, 33] IS WRONG
[39, 23, 77, 64, 16, 12, 91, 67, 75, 63, 66, 33, 32] FIXED
[69, 68, 37, 18, 77, 99, 17, 97, 84, 81, 63, 32, 45, 35, 94, 19, 89, 87, 41] IS WRONG
[77, 69, 68, 37, 63, 18, 99, 17, 97, 84, 87, 81, 32, 45, 35, 94, 19, 41, 89] FIXED
[75, 34, 43, 46, 21, 62, 15, 16, 88, 91, 67, 23, 77, 26, 13, 64, 85, 63, 39] IS WRONG
[15, 75, 34, 43, 46, 21, 85, 62, 16, 88, 91, 67, 23, 77, 26, 13, 39, 64, 63] FIXED
[33, 41, 99, 71, 74, 19, 11] IS WRONG
[33, 19, 41, 99, 71, 11, 74] FIXED
[77, 45, 41, 53, 23, 69, 64, 87, 75] IS WRONG
[64, 77, 45, 41, 53, 23, 75, 69, 87] FIXED
[63, 81, 68, 23, 77, 11, 19, 41, 34, 28, 45, 18, 94] IS WRONG
[34, 63, 81, 68, 23, 77, 11, 19, 28, 18, 41, 45, 94] FIXED
[87, 11, 53, 32, 33, 63, 18, 22, 23, 69, 91, 34, 68, 67, 89, 75, 45, 77, 66, 28, 19] IS WRONG
[75, 87, 11, 53, 32, 33, 63, 18, 22, 23, 69, 91, 34, 68, 67, 66, 89, 19, 28, 77, 45] FIXED
[71, 24, 21, 74, 94, 64, 17, 91, 49] IS WRONG
[94, 71, 24, 21, 17, 74, 49, 64, 91] FIXED
[81, 22, 45, 84, 89, 41, 77, 35, 33] IS WRONG
[77, 81, 22, 45, 84, 89, 33, 41, 35] FIXED
[75, 49, 28, 66, 88, 41, 12, 23, 91, 53, 32, 67, 19, 64, 43, 39, 87, 16, 33, 62, 18, 77, 34] IS WRONG
[39, 75, 49, 28, 66, 88, 41, 12, 23, 91, 53, 32, 67, 19, 64, 62, 43, 87, 16, 34, 33, 18, 77] FIXED
[64, 75, 66, 62, 21, 34, 36] IS WRONG
[36, 64, 75, 66, 62, 21, 34] FIXED
[99, 26, 46, 34, 12, 53, 36, 75, 62, 13, 24] IS WRONG
[99, 36, 26, 46, 34, 12, 24, 53, 75, 62, 13] FIXED
[53, 49, 75, 13, 46, 71, 26, 62, 85, 67, 28, 88, 43, 91, 77, 21, 16, 66, 23, 12, 15] IS WRONG
[71, 53, 49, 75, 13, 15, 46, 26, 62, 85, 67, 28, 88, 43, 91, 77, 21, 16, 66, 23, 12] FIXED
Count 4449
