[87, 63, 45, 41, 37, 19, 18, 88, 97, 28, 89, 53, 33, 22, 11, 67, 34] IS WRONG
[53, 87, 63, 45, 41, 37, 19, 18, 88, 97, 28, 67, 89, 33, 22, 34, 11] false
[46, 67, 74, 26, 99, 35, 13, 21, 36, 71, 72, 39, 12] IS WRONG
[74, 46, 99, 39, 36, 26, 35, 13, 72, 21, 71, 12, 67] false
[68, 22, 45, 81, 94, 33, 74, 18, 11, 19, 41, 71, 69, 97, 84, 17, 24, 35, 89, 32, 99, 36, 37] IS WRONG
[33, 68, 22, 45, 81, 19, 94, 74, 18, 41, 32, 11, 71, 69, 97, 84, 17, 24, 37, 89, 35, 99, 36] false
[17, 49, 74, 39, 16, 46, 24, 81, 26] IS WRONG
[81, 17, 49, 74, 39, 16, 26, 24, 46] false
[13, 64, 88, 49, 16, 21, 46, 23, 12, 75, 53, 85, 77, 62, 71] IS WRONG
[71, 13, 64, 88, 49, 16, 21, 46, 23, 12, 75, 53, 85, 77, 62] false
[35, 36, 24, 21, 72, 75, 49, 46, 74, 81, 39] IS WRONG
[81, 35, 36, 24, 21, 72, 75, 39, 46, 74, 49] false
[11, 33, 88, 84, 45, 66, 22, 89, 87, 41, 17] IS WRONG
[66, 11, 33, 88, 84, 87, 45, 22, 41, 89, 17] false
[64, 66, 13, 28, 67, 16, 91, 23, 12, 75, 85, 53, 87, 49, 43] IS WRONG
[85, 64, 66, 13, 28, 67, 16, 91, 23, 12, 49, 75, 53, 43, 87] false
[81, 19, 89, 17, 11, 36, 99, 69, 18, 63, 22, 97, 41, 84, 77, 87, 74, 45, 33, 37, 32, 35, 94] IS WRONG
[77, 81, 19, 89, 17, 11, 36, 99, 69, 18, 63, 22, 97, 41, 87, 33, 84, 94, 32, 45, 37, 74, 35] false
[97, 33, 69, 66, 32, 28, 45, 11, 19, 63, 84, 18, 81, 23, 77, 22, 68, 67, 89, 34, 88, 37, 87] IS WRONG
[67, 97, 33, 69, 66, 32, 28, 45, 11, 19, 63, 84, 18, 81, 23, 77, 22, 34, 68, 88, 87, 89, 37] false
[72, 43, 91, 26, 62, 46, 23, 21, 13, 34, 85, 66, 24, 75, 35, 67, 16] IS WRONG
[35, 72, 43, 91, 26, 62, 46, 23, 21, 13, 34, 85, 66, 24, 16, 75, 67] false
[12, 91, 33, 43, 13, 21, 87, 88, 67, 46, 34, 28, 23, 75, 77] IS WRONG
[13, 12, 91, 33, 21, 46, 43, 77, 88, 75, 67, 34, 28, 23, 87] false
[19, 89, 45, 15, 71, 22, 69] IS WRONG
[19, 89, 69, 45, 15, 71, 22] false
[64, 91, 21, 53, 12, 99, 46, 72, 71, 36, 17, 16, 39, 62, 24, 85, 35, 43, 74, 26, 15, 49, 13] IS WRONG
[17, 64, 91, 21, 53, 12, 99, 46, 72, 71, 74, 36, 16, 39, 62, 24, 85, 35, 15, 43, 13, 26, 49] false
[16, 75, 67, 53, 87, 89, 12, 64, 23] IS WRONG
[12, 16, 75, 67, 53, 87, 64, 23, 89] false
[13, 71, 11, 45, 84, 81, 89, 68, 22, 69, 21, 99, 17, 26, 94] IS WRONG
[89, 13, 94, 11, 45, 84, 68, 69, 81, 22, 71, 21, 99, 17, 26] false
[28, 45, 34, 19, 63, 97, 77] IS WRONG
[34, 28, 77, 45, 19, 63, 97] false
[66, 11, 53, 87, 68, 23, 22, 33, 75, 77, 45, 84, 69, 34, 89, 28, 32, 41, 91] IS WRONG
[75, 66, 11, 53, 87, 68, 23, 22, 91, 33, 77, 45, 84, 69, 34, 89, 28, 32, 41] false
[28, 67, 24, 64, 43, 15, 53] IS WRONG
[24, 28, 15, 53, 64, 43, 67] false
[33, 18, 67, 34, 66, 23, 64, 12, 16, 39, 88, 62, 53, 49, 28, 77, 43, 75, 19, 87, 32] IS WRONG
[39, 33, 87, 67, 34, 66, 23, 64, 12, 49, 16, 88, 62, 43, 53, 28, 75, 77, 18, 19, 32] false
[17, 37, 15, 11, 74, 81, 32, 68, 35, 36, 89, 85, 84, 94, 71, 13, 22, 21, 24, 99, 97] IS WRONG
[32, 17, 37, 15, 11, 74, 89, 81, 68, 35, 84, 36, 22, 85, 94, 71, 97, 13, 21, 24, 99] false
[62, 13, 72, 15, 16, 17, 21, 71, 94, 35, 97, 24, 36, 12, 49, 74, 64] IS WRONG
[97, 62, 13, 72, 15, 16, 17, 21, 71, 94, 74, 35, 24, 36, 12, 49, 64] false
[91, 17, 36, 62, 13, 53, 16, 99, 39] IS WRONG
[17, 99, 91, 36, 62, 13, 53, 39, 16] false
[66, 33, 67, 91, 68, 53, 75] IS WRONG
[75, 66, 33, 67, 91, 68, 53] false
[18, 84, 22, 37, 34, 89, 28, 33, 19, 23, 11, 87, 63, 41, 69, 68, 81, 88, 32, 94, 97, 77, 66] IS WRONG
[34, 18, 84, 22, 66, 37, 89, 28, 33, 19, 23, 11, 87, 63, 41, 69, 68, 81, 88, 32, 94, 97, 77] false
[15, 26, 12, 13, 75, 62, 71, 46, 85, 72, 64, 16, 35, 81, 99, 21, 94, 39, 17, 24, 49, 43, 36] IS WRONG
[81, 15, 26, 12, 13, 75, 62, 71, 46, 85, 72, 64, 16, 94, 35, 99, 17, 21, 36, 39, 24, 49, 43] false
[63, 41, 66, 87, 19, 28, 39, 33, 49, 64, 18] IS WRONG
[39, 63, 18, 66, 87, 19, 49, 28, 64, 33, 41] false
[13, 71, 53, 39, 23, 15, 16, 24, 72, 28, 46] IS WRONG
[24, 13, 71, 53, 39, 23, 15, 72, 46, 16, 28] false
[39, 35, 36, 26, 21, 12, 94, 99, 71, 15, 13, 81, 85, 97, 11, 37, 72, 46, 74, 22, 49, 17, 62] IS WRONG
[11, 39, 35, 36, 26, 21, 12, 94, 99, 71, 15, 13, 81, 85, 22, 97, 37, 72, 46, 17, 74, 49, 62] false
[17, 74, 45, 32, 35, 13, 11, 37, 21, 94, 89, 36, 22, 99, 85] IS WRONG
[32, 17, 74, 89, 45, 35, 13, 11, 37, 85, 22, 94, 99, 36, 21] false
[37, 18, 28, 68, 17, 84, 88, 81, 94, 87, 77] IS WRONG
[28, 37, 88, 18, 68, 17, 77, 84, 81, 94, 87] false
[88, 68, 63, 18, 77, 64, 67, 41, 32, 23, 91, 75, 89, 87, 19, 45, 66, 84, 69, 33, 43] IS WRONG
[64, 88, 68, 63, 18, 43, 77, 67, 41, 32, 23, 91, 75, 89, 87, 19, 45, 66, 84, 69, 33] false
[37, 18, 41, 84, 63, 88, 33, 91, 66, 67, 68, 89, 22, 77, 23, 28, 53, 11, 45, 19, 69] IS WRONG
[91, 37, 18, 41, 84, 63, 88, 53, 33, 66, 67, 68, 89, 19, 77, 23, 28, 22, 11, 69, 45] false
[11, 37, 22, 85, 24, 69, 99, 94, 46, 97, 17, 15, 45, 36, 35, 71, 39, 21, 13] IS WRONG
[69, 11, 37, 22, 85, 45, 24, 99, 94, 13, 97, 17, 36, 35, 71, 15, 46, 39, 21] false
[17, 21, 49, 35, 15, 36, 16] IS WRONG
[17, 36, 21, 49, 35, 15, 16] false
[35, 72, 36, 85, 74, 37, 26, 69, 22, 24, 71, 94, 11, 81, 17, 84, 13, 97, 45, 89, 99] IS WRONG
[89, 35, 72, 36, 85, 74, 37, 26, 69, 22, 24, 71, 94, 11, 81, 17, 84, 99, 97, 45, 13] false
[72, 12, 35, 17, 99, 36, 53] IS WRONG
[17, 72, 12, 99, 36, 35, 53] false
[71, 94, 69, 36, 85, 12, 72] IS WRONG
[69, 36, 94, 72, 71, 85, 12] false
[32, 63, 34, 39, 91, 66, 67, 87, 16] IS WRONG
[39, 32, 63, 16, 34, 91, 66, 67, 87] false
[84, 63, 87, 77, 68, 23, 53, 32, 75, 91, 33, 19, 11, 34, 22, 18, 45, 67, 89, 69, 88] IS WRONG
[75, 84, 63, 87, 77, 68, 23, 53, 91, 67, 32, 33, 19, 11, 34, 22, 18, 88, 45, 89, 69] false
[81, 69, 87, 36, 45, 99, 84, 32, 18, 35, 22, 24, 63, 89, 11, 74, 97] IS WRONG
[63, 81, 69, 87, 36, 45, 99, 84, 32, 18, 35, 22, 89, 11, 97, 24, 74] false
[87, 49, 53, 39, 41, 28, 19, 16, 66, 77, 64, 46, 12, 34, 67, 18, 75, 33, 63, 91, 62] IS WRONG
[46, 87, 49, 53, 39, 41, 28, 19, 16, 66, 77, 12, 62, 64, 34, 67, 18, 75, 33, 63, 91] false
[84, 41, 74, 94, 99, 72, 87, 37, 18, 97, 32] IS WRONG
[87, 84, 41, 74, 94, 99, 18, 72, 32, 37, 97] false
[89, 35, 94, 72, 17, 87, 11] IS WRONG
[87, 89, 35, 94, 72, 11, 17] false
[28, 81, 89, 87, 68, 94, 69, 74, 84, 63, 97, 23, 17, 18, 41, 32, 22, 77, 37, 88, 11] IS WRONG
[23, 28, 81, 89, 87, 68, 94, 69, 74, 84, 63, 88, 97, 17, 18, 41, 32, 22, 77, 11, 37] false
[62, 46, 43, 21, 24, 35, 49, 12, 17, 94, 36, 16, 85, 75, 91] IS WRONG
[94, 62, 46, 43, 21, 24, 35, 49, 36, 17, 85, 12, 16, 75, 91] false
[12, 74, 15, 94, 69, 22, 24] IS WRONG
[69, 12, 74, 24, 22, 94, 15] false
[39, 17, 24, 16, 36, 62, 22, 37, 85, 74, 12, 49, 71, 46, 26, 94, 13, 99, 21, 81, 35] IS WRONG
[22, 39, 17, 24, 16, 36, 37, 81, 62, 85, 74, 12, 49, 71, 46, 26, 94, 13, 99, 35, 21] false
[91, 23, 34, 49, 66] IS WRONG
[49, 91, 66, 34, 23] false
[41, 63, 66, 16, 77, 64, 49, 28, 91, 75, 43, 67, 88, 84, 87, 89, 53, 19, 62, 18, 34] IS WRONG
[49, 41, 63, 66, 16, 77, 62, 64, 28, 91, 75, 43, 67, 88, 84, 87, 89, 53, 34, 19, 18] false
[89, 32, 23, 63, 11, 28, 45, 41, 22, 87, 75, 91, 18, 19, 66] IS WRONG
[75, 89, 32, 23, 63, 11, 28, 45, 41, 22, 91, 66, 87, 18, 19] false
[18, 74, 11, 69, 77, 37, 36, 94, 35, 81, 19] IS WRONG
[77, 18, 74, 11, 19, 69, 37, 36, 94, 35, 81] false
[64, 41, 69, 19, 77, 84, 45] IS WRONG
[64, 77, 41, 84, 19, 69, 45] false
[64, 49, 66, 75, 28, 84, 53] IS WRONG
[49, 64, 75, 53, 66, 28, 84] true
[32, 66, 37, 87, 69, 97, 23, 34, 89, 41, 22, 67, 53, 11, 88, 19, 77] IS WRONG
[53, 32, 66, 37, 87, 69, 97, 23, 34, 89, 41, 88, 67, 22, 77, 11, 19] false
[91, 43, 46, 88, 72, 75, 49, 13, 67, 15, 21, 66, 64, 53, 62, 71, 12] IS WRONG
[72, 91, 43, 46, 71, 88, 75, 49, 13, 67, 15, 21, 66, 64, 53, 12, 62] false
[62, 72, 21, 67, 85, 64, 12, 53, 74, 13, 71, 75, 39, 24, 15, 43, 16, 26, 46, 91, 99] IS WRONG
[74, 62, 72, 21, 67, 85, 64, 12, 99, 53, 13, 71, 75, 39, 24, 15, 43, 16, 26, 46, 91] false
[45, 74, 68, 24, 37, 13, 41, 15, 35, 17, 11] IS WRONG
[41, 45, 74, 68, 24, 37, 11, 13, 15, 35, 17] false
[62, 64, 16, 12, 32, 89, 91] IS WRONG
[12, 62, 64, 16, 91, 32, 89] false
[22, 81, 26, 11, 45, 69, 46, 72, 84, 37, 21, 13, 15] IS WRONG
[84, 22, 81, 26, 11, 45, 69, 15, 37, 72, 46, 21, 13] false
[33, 19, 77, 81, 28, 18, 41, 34, 89, 23, 63, 67, 11, 87, 37, 66, 68, 97, 22] IS WRONG
[67, 33, 19, 77, 81, 28, 18, 41, 34, 89, 23, 66, 63, 11, 87, 68, 22, 37, 97] false
[18, 94, 89, 36, 35, 22, 77, 74, 99, 19, 69, 97, 63] IS WRONG
[77, 18, 94, 89, 36, 35, 63, 22, 74, 99, 19, 69, 97] false
[35, 24, 94, 32, 85, 36, 69, 15, 37, 81, 97, 11, 74, 72, 17, 45, 22] IS WRONG
[32, 35, 24, 69, 94, 85, 45, 36, 15, 37, 81, 97, 11, 74, 72, 22, 17] false
[66, 18, 88, 32, 64, 75, 34, 43, 23, 62, 63, 84, 19, 87, 89, 53, 33] IS WRONG
[62, 66, 18, 88, 32, 64, 75, 34, 43, 53, 23, 63, 84, 19, 87, 33, 89] false
[17, 22, 46, 69, 94, 81, 74, 68, 99, 36, 85, 21, 45] IS WRONG
[68, 17, 22, 46, 69, 94, 81, 45, 74, 99, 36, 85, 21] false
[97, 37, 81, 41, 88, 19, 77, 45, 36, 84, 89, 69, 94, 87, 22, 33, 17] IS WRONG
[88, 97, 37, 81, 77, 41, 87, 19, 45, 17, 84, 89, 69, 33, 94, 22, 36] false
[67, 63, 22, 28, 53, 37, 34] IS WRONG
[53, 67, 63, 22, 34, 28, 37] false
[21, 71, 26, 16, 62, 35, 46, 39, 17, 36, 72, 43, 64, 24, 75, 13, 99, 15, 49, 94, 12, 74, 81] IS WRONG
[81, 21, 71, 26, 16, 62, 35, 46, 39, 17, 36, 72, 43, 64, 24, 75, 13, 99, 15, 49, 94, 12, 74] false
[77, 88, 67, 46, 53, 26, 12, 39, 16, 75, 33, 62, 66, 13, 63, 49, 34, 64, 87, 21, 91] IS WRONG
[13, 77, 88, 67, 46, 53, 26, 12, 39, 16, 75, 33, 62, 21, 66, 63, 49, 34, 64, 91, 87] false
[41, 11, 34, 89, 19, 69, 32, 91, 53, 28, 67, 45, 84, 37, 33, 18, 23] IS WRONG
[91, 41, 11, 34, 89, 19, 69, 53, 67, 32, 23, 28, 45, 84, 37, 33, 18] false
[39, 77, 49, 23, 66] IS WRONG
[39, 49, 66, 77, 23] false
[45, 36, 17, 89, 74] IS WRONG
[89, 45, 74, 17, 36] false
[23, 77, 91, 16, 12, 39, 63, 75, 64, 66, 32, 67, 33] IS WRONG
[39, 23, 77, 64, 16, 12, 91, 67, 75, 63, 66, 33, 32] false
[69, 68, 37, 18, 77, 99, 17, 97, 84, 81, 63, 32, 45, 35, 94, 19, 89, 87, 41] IS WRONG
[77, 69, 68, 37, 63, 18, 99, 17, 97, 84, 87, 81, 32, 45, 35, 94, 19, 41, 89] false
[75, 34, 43, 46, 21, 62, 15, 16, 88, 91, 67, 23, 77, 26, 13, 64, 85, 63, 39] IS WRONG
[15, 75, 34, 43, 46, 21, 85, 62, 16, 88, 91, 67, 23, 77, 26, 13, 39, 64, 63] false
[33, 41, 99, 71, 74, 19, 11] IS WRONG
[33, 19, 41, 99, 71, 11, 74] false
[77, 45, 41, 53, 23, 69, 64, 87, 75] IS WRONG
[64, 77, 45, 41, 53, 23, 75, 69, 87] false
[63, 81, 68, 23, 77, 11, 19, 41, 34, 28, 45, 18, 94] IS WRONG
[34, 63, 81, 68, 23, 77, 11, 19, 28, 18, 41, 45, 94] false
[87, 11, 53, 32, 33, 63, 18, 22, 23, 69, 91, 34, 68, 67, 89, 75, 45, 77, 66, 28, 19] IS WRONG
[75, 87, 11, 53, 32, 33, 63, 18, 22, 23, 69, 91, 34, 68, 67, 66, 89, 19, 28, 77, 45] false
[71, 24, 21, 74, 94, 64, 17, 91, 49] IS WRONG
[94, 71, 24, 21, 17, 74, 49, 64, 91] false
[81, 22, 45, 84, 89, 41, 77, 35, 33] IS WRONG
[77, 81, 22, 45, 84, 89, 33, 41, 35] false
[75, 49, 28, 66, 88, 41, 12, 23, 91, 53, 32, 67, 19, 64, 43, 39, 87, 16, 33, 62, 18, 77, 34] IS WRONG
[39, 75, 49, 28, 66, 88, 41, 12, 23, 91, 53, 32, 67, 19, 64, 62, 43, 87, 16, 34, 33, 18, 77] false
[64, 75, 66, 62, 21, 34, 36] IS WRONG
[36, 64, 75, 66, 62, 21, 34] false
[99, 26, 46, 34, 12, 53, 36, 75, 62, 13, 24] IS WRONG
[99, 36, 26, 46, 34, 12, 24, 53, 75, 62, 13] false
[53, 49, 75, 13, 46, 71, 26, 62, 85, 67, 28, 88, 43, 91, 77, 21, 16, 66, 23, 12, 15] IS WRONG
[71, 53, 49, 75, 13, 15, 46, 26, 62, 85, 67, 28, 88, 43, 91, 77, 21, 16, 66, 23, 12] false
Count 4449
